%YAML:1.0
calibration_Time: "Sun Apr  3 19:33:37 2016"
nrOfFrames: 15
image_Width: 1600
image_Height: 1200
board_Width: 9
board_Height: 6
square_Size: 26.
FixAspectRatio: 1.
# flags:  +fix_aspectRatio
flagValue: 2
Camera_Matrix: !!opencv-matrix
   rows: 3
   cols: 3
   dt: d
   data: [ 1.0397837874884135e+03, 0., 6.9355004748077010e+02, 0.,
       1.0397837874884135e+03, 5.7958822754925905e+02, 0., 0., 1. ]
Distortion_Coefficients: !!opencv-matrix
   rows: 5
   cols: 1
   dt: d
   data: [ -3.2540234708543914e-01, 1.3894538096594292e-01,
       7.8168489811436179e-04, -9.5181150039239397e-04,
       -3.0998422373897133e-02 ]
Avg_Reprojection_Error: 9.8066130912647897e-01
Per_View_Reprojection_Errors: !!opencv-matrix
   rows: 15
   cols: 1
   dt: f
   data: [ 1.75731957e+00, 8.34367394e-01, 6.11905813e-01,
       1.08118355e+00, 1.09093308e+00, 7.12158740e-01, 6.32138729e-01,
       1.21193647e+00, 6.72939599e-01, 6.91917658e-01, 1.17486811e+00,
       1.25678086e+00, 7.57064879e-01, 6.02995336e-01, 8.38966846e-01 ]
# a set of 6-tuples (rotation vector + translation vector) for each view
Extrinsic_Parameters: !!opencv-matrix
   rows: 15
   cols: 6
   dt: d
   data: [ -1.2025992921713599e-01, -1.0454798189543781e-01,
       -3.1234874520397060e+00, 1.2229472327106917e+02,
       7.1183446138014034e+01, 1.2684535116639074e+02,
       -1.0479817045798510e+00, -6.1450460263019924e-02,
       -2.9412412852182723e+00, 9.3993594312061589e+01,
       7.1134407792814045e+01, 1.1948905202066989e+02,
       -1.0804841154427789e+00, -8.1606839441414336e-02,
       -2.9286620334790139e+00, 1.0370433936900625e+02,
       7.4062196496846624e+01, 1.2376411326904002e+02,
       -1.3302168212842116e-01, 7.8380792568472901e-01,
       -3.0509399504417725e+00, 1.2222591453381935e+02,
       7.7459779809001489e+01, 1.8889873061826933e+02,
       1.8650972107654912e-01, 1.0568875373027240e+00,
       2.9294382307979236e+00, 1.1876670655096864e+02,
       4.1441506294523393e+01, 1.2010345135224291e+02,
       5.9729403350183430e-01, 6.3998403114969682e-01,
       2.9795126953126378e+00, 1.1603078425174368e+02,
       3.7476453832496581e+01, 1.1189753014017717e+02,
       1.1254946622607502e+00, -6.7095517020402295e-01,
       2.6394729662742549e+00, 1.1280766648104844e+02,
       8.9987158075948770e+01, 1.5422944138421565e+02,
       -6.8283456440308476e-01, -5.6252222857306200e-01,
       2.9618499739940414e+00, 1.4962306085675812e+02,
       6.2941672585753636e+01, 2.4037849857723049e+02,
       -2.6642686806811555e-01, -1.9072062402591144e-01,
       -3.1088727985301103e+00, 2.6877008857253406e+02,
       1.6228963605768450e+02, 2.4769993504155147e+02,
       -3.0971944631224374e-01, -6.1627068379584378e-02,
       -3.0948924576023145e+00, 2.1660547361285984e+02,
       1.2683282087631332e+01, 2.1094282297582706e+02,
       -1.3314559849126023e-01, -5.5688030488096431e-02,
       -3.0907167323462912e+00, 5.7415007437573124e+01,
       3.3577972451128026e+01, 2.0318366663121708e+02,
       8.2543357470982112e-02, 1.7717617102258848e-01,
       3.0902558271724776e+00, 6.6942394615901577e+01,
       1.1210741513657433e+02, 2.0183901611692940e+02,
       -6.6995617803482885e-02, -1.2044527512446648e-01,
       -3.1443788705576154e+00, 1.2448445267509972e+02,
       1.4969563901085937e+02, 2.7344662539666831e+02,
       1.3947387270131853e-01, 1.3637993443247262e-01,
       3.1310345632106351e+00, 2.6190146933005406e+02,
       9.1247992714757856e+01, 2.4565512578527287e+02,
       -1.3346681393679688e-01, 8.6537976724482879e-02,
       -3.1230603416686744e+00, 1.7469470684459779e+02,
       3.8425931180337760e+00, 2.6740786239793482e+02 ]
Image_points: !!opencv-matrix
   rows: 15
   cols: 54
   dt: "2f"
   data: [ 1.44285632e+03, 1.01891681e+03, 1.31668774e+03,
       1.04066113e+03, 1.16980017e+03, 1.05959607e+03, 1.00332672e+03,
       1.07223828e+03, 8.25467041e+02, 1.07673340e+03, 6.42709534e+02,
       1.07130481e+03, 4.66430847e+02, 1.05664600e+03, 3.06892151e+02,
       1.03493079e+03, 1.67649368e+02, 1.00860504e+03, 1.46329993e+03,
       8.65622375e+02, 1.33555237e+03, 8.79984192e+02, 1.18664685e+03,
       8.92898193e+02, 1.01598163e+03, 9.01153320e+02, 8.33128540e+02,
       9.04304504e+02, 6.44308411e+02, 8.99161377e+02, 4.62443817e+02,
       8.88121826e+02, 2.98796051e+02, 8.72163574e+02, 1.57269821e+02,
       8.53759094e+02, 1.47157837e+03, 7.02771362e+02, 1.34525037e+03,
       7.08422607e+02, 1.19594470e+03, 7.12602844e+02, 1.02438770e+03,
       7.15427856e+02, 8.38209534e+02, 7.14981689e+02, 6.46580811e+02,
       7.11685547e+02, 4.62110840e+02, 7.05508179e+02, 2.96944916e+02,
       6.97697144e+02, 1.52710175e+02, 6.88722656e+02, 1.46870483e+03,
       5.37703979e+02, 1.34339185e+03, 5.33134399e+02, 1.19482776e+03,
       5.28668091e+02, 1.02452844e+03, 5.24523804e+02, 8.39847351e+02,
       5.20735596e+02, 6.50098145e+02, 5.19211609e+02, 4.66627350e+02,
       5.18572266e+02, 3.02042877e+02, 5.19499756e+02, 1.60360901e+02,
       5.20930969e+02, 1.45453467e+03, 3.79213867e+02, 1.33098071e+03,
       3.64781799e+02, 1.18480688e+03, 3.52399445e+02, 1.01823474e+03,
       3.42752075e+02, 8.38501892e+02, 3.37194702e+02, 6.54234253e+02,
       3.36666901e+02, 4.75898468e+02, 3.40977020e+02, 3.14824402e+02,
       3.48997864e+02, 1.74924103e+02, 3.60365509e+02, 1.43244128e+03,
       2.30653641e+02, 1.31009253e+03, 2.10427444e+02, 1.16712476e+03,
       1.92282715e+02, 1.00665869e+03, 1.78501022e+02, 8.35082642e+02,
       1.71325851e+02, 6.59147461e+02, 1.71686844e+02, 4.88539520e+02,
       1.79419678e+02, 3.33322083e+02, 1.93633362e+02, 1.95904770e+02,
       2.10914520e+02, 1.33386511e+03, 1.06637793e+03, 1.17552930e+03,
       1.04402258e+03, 1.02500623e+03, 1.01710889e+03, 8.87318176e+02,
       9.88179932e+02, 7.66089478e+02, 9.58630188e+02, 6.60393005e+02,
       9.30781311e+02, 5.69782715e+02, 9.04080200e+02, 4.93081665e+02,
       8.79964478e+02, 4.28683380e+02, 8.58263489e+02, 1.36192114e+03,
       9.00153198e+02, 1.19657825e+03, 8.84291138e+02, 1.03957837e+03,
       8.65516479e+02, 8.96998230e+02, 8.45644470e+02, 7.71520996e+02,
       8.25363831e+02, 6.64327515e+02, 8.06233276e+02, 5.72200439e+02,
       7.88239929e+02, 4.94467255e+02, 7.72116760e+02, 4.28392578e+02,
       7.57800720e+02, 1.37928125e+03, 7.18242676e+02, 1.21059448e+03,
       7.10651001e+02, 1.05021594e+03, 7.02314331e+02, 9.03848572e+02,
       6.92925354e+02, 7.77311829e+02, 6.83633240e+02, 6.67872192e+02,
       6.75265381e+02, 5.74781006e+02, 6.67180054e+02, 4.96460785e+02,
       6.60195313e+02, 4.28305115e+02, 6.53849121e+02, 1.38335461e+03,
       5.30450256e+02, 1.21444324e+03, 5.31723511e+02, 1.05463086e+03,
       5.34106812e+02, 9.08406372e+02, 5.36530762e+02, 7.81463928e+02,
       5.39153870e+02, 6.72076538e+02, 5.41564514e+02, 5.78558411e+02,
       5.44282227e+02, 4.99423981e+02, 5.46069702e+02, 4.33134094e+02,
       5.48174072e+02, 1.37454358e+03, 3.50262512e+02, 1.20965625e+03,
       3.59196655e+02, 1.05292383e+03, 3.70970917e+02, 9.09866821e+02,
       3.84746765e+02, 7.84847656e+02, 3.98271088e+02, 6.76715088e+02,
       4.11385834e+02, 5.83424866e+02, 4.23691437e+02, 5.05193146e+02,
       4.35064514e+02, 4.38547913e+02, 4.45088226e+02, 1.35448059e+03,
       1.83613281e+02, 1.19673486e+03, 1.99471832e+02, 1.04636890e+03,
       2.19722778e+02, 9.08385132e+02, 2.42121231e+02, 7.87083923e+02,
       2.64732391e+02, 6.80459473e+02, 2.87235596e+02, 5.89346863e+02,
       3.07968781e+02, 5.11832092e+02, 3.27229462e+02, 4.45156586e+02,
       3.44427399e+02, 1.36571753e+03, 1.06155188e+03, 1.21550757e+03,
       1.04081738e+03, 1.07187622e+03, 1.01648865e+03, 9.39140625e+02,
       9.89801453e+02, 8.21062744e+02, 9.62542297e+02, 7.17193359e+02,
       9.36254883e+02, 6.26409180e+02, 9.10721191e+02, 5.49245178e+02,
       8.87697266e+02, 4.83708069e+02, 8.66502319e+02, 1.39220178e+03,
       9.02262939e+02, 1.23629114e+03, 8.88291321e+02, 1.08735059e+03,
