%YAML:1.0
Camera_Matrix: !!opencv-matrix
   rows: 3
   cols: 3
   dt: d
   data: [ 5.8381055426645150e+002, 0., 3.3127852835507969e+002, 0.,
       5.8451287493133918e+002, 2.3663658130305140e+002, 0., 0., 1. ]
Distortion_Coefficients: !!opencv-matrix
   rows: 1
   cols: 5
   dt: d
   data: [ 2.8559777939629527e-001, -1.3538896126121278e+000,
       2.8414718302514920e-003, 4.7624259210950958e-003,
       1.7926316349915070e+000 ]
Image_points:
   - 2.37358780e+002
   - 1.86604172e+002
   - 2.75637421e+002
   - 1.86708664e+002
   - 3.14139160e+002
   - 1.87089676e+002
   - 3.52107086e+002
   - 1.87248993e+002
   - 3.90169739e+002
   - 1.87143463e+002
   - 4.28471008e+002
   - 1.87300217e+002
   - 4.66544403e+002
   - 1.87357651e+002
   - 5.04714386e+002
   - 1.87011673e+002
   - 2.36897003e+002
   - 2.25276062e+002
   - 2.75515594e+002
   - 2.24617416e+002
   - 3.13964233e+002
   - 2.25636887e+002
   - 3.51662598e+002
   - 2.24726074e+002
   - 3.89619110e+002
   - 2.25035156e+002
   - 4.28163788e+002
   - 2.24897812e+002
   - 4.66114105e+002
   - 2.25314041e+002
   - 5.04562714e+002
   - 2.25372543e+002
   - 2.36783173e+002
   - 2.63437164e+002
   - 2.75677002e+002
   - 2.63643250e+002
   - 3.14253754e+002
   - 2.63020203e+002
   - 3.51988739e+002
   - 2.63395630e+002
   - 3.89675568e+002
   - 2.63016968e+002
   - 4.28121185e+002
   - 2.63439148e+002
   - 4.66040985e+002
   - 2.63019836e+002
   - 5.04541870e+002
   - 2.63210358e+002
   - 2.37427551e+002
   - 3.02356567e+002
   - 2.75275055e+002
   - 3.01165161e+002
   - 3.14159546e+002
   - 3.01583405e+002
   - 3.52097443e+002
   - 3.00987488e+002
   - 3.89766388e+002
   - 3.01089630e+002
   - 4.28396240e+002
   - 3.01223236e+002
   - 4.66210144e+002
   - 3.01353973e+002
   - 5.04628632e+002
   - 3.01499786e+002
   - 2.37062958e+002
   - 3.40839142e+002
   - 2.75438599e+002
   - 3.40585846e+002
   - 3.14731964e+002
   - 3.40536591e+002
   - 3.52097137e+002
   - 3.39880219e+002
   - 3.90464447e+002
   - 3.39458313e+002
   - 4.28318665e+002
   - 3.39660919e+002
   - 4.66467865e+002
   - 3.39426361e+002
   - 5.04652130e+002
   - 3.39348969e+002
   - 2.36642105e+002
   - 3.80417938e+002
   - 2.75121582e+002
   - 3.79354523e+002
   - 3.14234955e+002
   - 3.79006348e+002
   - 3.52733215e+002
   - 3.79274292e+002
   - 3.91270844e+002
   - 3.78360443e+002
   - 4.29338165e+002
   - 3.78496124e+002
   - 4.66465729e+002
   - 3.77796143e+002
   - 5.04601929e+002
   - 3.77727081e+002
   - 2.37554459e+002
   - 1.86658234e+002
   - 2.76197205e+002
   - 1.87588516e+002
   - 3.14637177e+002
   - 1.87484055e+002
   - 3.52023621e+002
   - 1.87862137e+002
   - 3.90067169e+002
   - 1.87374359e+002
   - 4.28339569e+002
   - 1.87507111e+002
   - 4.65824280e+002
   - 1.87478851e+002
   - 5.04291626e+002
   - 1.87598541e+002
   - 2.38004425e+002
   - 2.25021317e+002
   - 2.76194702e+002
   - 2.24955765e+002
   - 3.14066315e+002
   - 2.25792572e+002
   - 3.51473999e+002
   - 2.24863968e+002
   - 3.89221191e+002
   - 2.25598602e+002
   - 4.27028137e+002
   - 2.25102005e+002
   - 4.65537567e+002
   - 2.25710098e+002
   - 5.03157104e+002
   - 2.25332306e+002
   - 2.37588654e+002
   - 2.62828003e+002
   - 2.76125763e+002
   - 2.63331665e+002
   - 3.14201569e+002
   - 2.63096344e+002
   - 3.51944427e+002
   - 2.62966492e+002
   - 3.88967682e+002
   - 2.62851257e+002
   - 4.26844269e+002
   - 2.62997803e+002
   - 4.64701630e+002
   - 2.63072510e+002
   - 5.03451080e+002
   - 2.63441681e+002
   - 2.37787109e+002
   - 3.01533508e+002
   - 2.75832581e+002
   - 3.00885376e+002
   - 3.13935699e+002
   - 3.01006073e+002
   - 3.51399170e+002
   - 3.00611755e+002
   - 3.89236969e+002
   - 3.00795013e+002
   - 4.27274902e+002
   - 3.00780334e+002
   - 4.65334137e+002
   - 3.00721619e+002
   - 5.02930298e+002
   - 3.00881439e+002
   - 2.36743713e+002
   - 3.39428040e+002
   - 2.75463684e+002
   - 3.39425507e+002
   - 3.13451233e+002
   - 3.38688690e+002
   - 3.51528168e+002
   - 3.38679779e+002
   - 3.89323425e+002
   - 3.38542328e+002
   - 4.27136963e+002
   - 3.38817993e+002
   - 4.64856628e+002
   - 3.39059479e+002
   - 5.02771454e+002
   - 3.39282227e+002
   - 2.36871490e+002
   - 3.78912109e+002
   - 2.75046021e+002
   - 3.78502991e+002
   - 3.13675781e+002
   - 3.77649109e+002
   - 3.50818939e+002
   - 3.77078766e+002
   - 3.89562897e+002
   - 3.76650452e+002
   - 4.27301880e+002
   - 3.76503296e+002
   - 4.64710602e+002
   - 3.77160645e+002
   - 5.02472931e+002
   - 3.77444946e+002
   - 2.24224319e+002
   - 1.63035904e+002
   - 2.61140839e+002
   - 1.63052856e+002
   - 2.98547455e+002
   - 1.63420456e+002
   - 3.34866699e+002
   - 1.62933548e+002
   - 3.71288147e+002
   - 1.62237213e+002
   - 4.07054688e+002
   - 1.61140701e+002
   - 4.44202576e+002
   - 1.61151093e+002
   - 4.80701691e+002
   - 1.59687836e+002
   - 2.25298035e+002
   - 2.00673889e+002
   - 2.62971924e+002
   - 2.00830444e+002
   - 2.98586456e+002
   - 1.99838486e+002
   - 3.35151672e+002
   - 1.98848373e+002
   - 3.71333191e+002
   - 1.98699890e+002
   - 4.07267761e+002
   - 1.97489243e+002
   - 4.44262207e+002
   - 1.97504349e+002
   - 4.81253540e+002
   - 1.96615173e+002
   - 2.26513382e+002
   - 2.37312256e+002
   - 2.63141632e+002
   - 2.36558365e+002
   - 2.98824829e+002
   - 2.35308395e+002
   - 3.35442047e+002
   - 2.34970352e+002
   - 3.71742371e+002
   - 2.34571472e+002
   - 4.08178558e+002
   - 2.33991638e+002
   - 4.44541016e+002
   - 2.33389465e+002
   - 4.81170349e+002
   - 2.32554642e+002
   - 2.26640945e+002
   - 2.73549561e+002
   - 2.63477600e+002
   - 2.72604309e+002
   - 3.00026306e+002
   - 2.72044739e+002
   - 3.36340057e+002
   - 2.71186646e+002
   - 3.72636353e+002
   - 2.70692810e+002
   - 4.09161530e+002
   - 2.70262909e+002
   - 4.44655579e+002
   - 2.69296631e+002
   - 4.81345520e+002
   - 2.68726715e+002
   - 2.26764633e+002
   - 3.09986420e+002
   - 2.64278687e+002
   - 3.09396790e+002
   - 3.01125397e+002
   - 3.08641937e+002
   - 3.36648651e+002
   - 3.07461975e+002
   - 3.73209869e+002
   - 3.06930634e+002
   - 4.09183319e+002
   - 3.06261017e+002
   - 4.44616241e+002
   - 3.05345917e+002
   - 4.81823181e+002
   - 3.04848358e+002
   - 2.27715866e+002
   - 3.46839508e+002
   - 2.64993347e+002
   - 3.46603882e+002
   - 3.01313782e+002
   - 3.44713318e+002
   - 3.36842346e+002
   - 3.43882721e+002
   - 3.73221649e+002
   - 3.42905945e+002
   - 4.09574066e+002
   - 3.42493042e+002
   - 4.45835236e+002
   - 3.41908295e+002
   - 4.82536285e+002
   - 3.41528778e+002
   - 2.26079681e+002
   - 1.73458206e+002
   - 2.64385101e+002
   - 1.73095871e+002
   - 3.01344086e+002
   - 1.72227676e+002
   - 3.38048370e+002
   - 1.71370117e+002
   - 3.74450256e+002
   - 1.69240768e+002
   - 4.12423340e+002
   - 1.68483093e+002
   - 4.48826172e+002
   - 1.66634476e+002
   - 4.87133240e+002
   - 1.65220184e+002
   - 2.28659637e+002
   - 2.11357834e+002
   - 2.65823364e+002
   - 2.10881088e+002
   - 3.02499786e+002
   - 2.09445313e+002
   - 3.39967590e+002
   - 2.08604156e+002
   - 3.75730621e+002
   - 2.06708633e+002
   - 4.12733582e+002
   - 2.05123840e+002
   - 4.50084351e+002
   - 2.04006241e+002
   - 4.88242188e+002
   - 2.02848785e+002
   - 2.30006668e+002
   - 2.48552460e+002
   - 2.67214874e+002
   - 2.46848160e+002
   - 3.03261383e+002
   - 2.45306915e+002
   - 3.41069214e+002
   - 2.44602402e+002
   - 3.76681396e+002
   - 2.43134140e+002
   - 4.14302063e+002
   - 2.42135696e+002
   - 4.50856842e+002
   - 2.40720551e+002
   - 4.89126923e+002
   - 2.38873596e+002
   - 2.30842789e+002
   - 2.84898468e+002
   - 2.67831879e+002
   - 2.83168091e+002
   - 3.05150330e+002
   - 2.82743195e+002
   - 3.41862701e+002
   - 2.81078064e+002
   - 3.78653809e+002
   - 2.79505707e+002
   - 4.15516907e+002
   - 2.78727295e+002
   - 4.52004913e+002
   - 2.78190796e+002
   - 4.90326141e+002
   - 2.76872467e+002
   - 2.33224991e+002
   - 3.22592163e+002
   - 2.69326660e+002
   - 3.20685730e+002
   - 3.06391663e+002
   - 3.19089752e+002
   - 3.42964081e+002
