%YAML:1.0
calibration_Time: "Sun Apr  3 18:04:49 2016"
nrOfFrames: 14
image_Width: 1600
image_Height: 1200
board_Width: 9
board_Height: 6
square_Size: 26.
FixAspectRatio: 1.
# flags:  +fix_aspectRatio
flagValue: 2
Camera_Matrix: !!opencv-matrix
   rows: 3
   cols: 3
   dt: d
   data: [ 1.0438083205717853e+03, 0., 6.9263450308286747e+02, 0.,
       1.0438083205717853e+03, 5.7773843680957145e+02, 0., 0., 1. ]
Distortion_Coefficients: !!opencv-matrix
   rows: 5
   cols: 1
   dt: d
   data: [ -3.2848212624131362e-01, 1.4032810981237553e-01,
       9.5767180443790062e-04, -3.2856329226032020e-04,
       -3.1092459803102292e-02 ]
Avg_Reprojection_Error: 1.1699108214581653e+00
Per_View_Reprojection_Errors: !!opencv-matrix
   rows: 14
   cols: 1
   dt: f
   data: [ 9.58050132e-01, 1.60952771e+00, 1.71053076e+00,
       1.32133150e+00, 9.84222770e-01, 1.53354299e+00, 1.25811672e+00,
       1.16954434e+00, 7.67885745e-01, 1.00349486e+00, 1.04774666e+00,
       8.82871568e-01, 7.95543373e-01, 7.76847124e-01 ]
# a set of 6-tuples (rotation vector + translation vector) for each view
Extrinsic_Parameters: !!opencv-matrix
   rows: 14
   cols: 6
   dt: d
   data: [ -6.1579779773773080e-01, 3.5566885913690192e-02,
       7.1316166605930710e-03, -7.2336299935703039e+01,
       -9.7199943045816354e+01, 2.1743102713552020e+02,
       -1.9932978324354089e-01, 1.2054688756367298e-02,
       -1.1156759183655357e-02, -7.9421181705175400e+01,
       -7.7853437668108128e+01, 1.5956996013344198e+02,
       2.6949330463867599e-01, 2.8721738636913272e-02,
       -1.8166124198516136e-02, -8.1936210752443785e+01,
       -4.4686626945209987e+01, 1.3184558050204160e+02,
       -3.6396621442832588e-01, -3.8293598521557004e-01,
       4.6858804339620169e-01, 4.5490509424066099e+00,
       -9.1317862881125649e+01, 1.8556472174317605e+02,
       -3.0223634876878697e-01, 7.1635733640161547e-01,
       -5.1584622133537250e-01, -9.8818822586637324e+01,
       1.5410468911914849e+01, 3.0770010356188925e+02,
       -1.4475753457900442e-01, 2.1097456644410689e-01,
       -1.5987595131933232e+00, 6.3933639255018555e+01,
       1.0505456405074592e+02, 2.3379943984435013e+02,
       -1.7078855727833653e-01, -6.1892434466576086e-02,
       -5.7527755911451831e-02, -1.5463343678450468e+02,
       -1.0748140483831030e+01, 2.4232733162246561e+02,
       2.1575348041220258e-02, -6.8358621194891292e-02,
       -4.5236337521959704e-03, -1.4931669323048871e+02,
       -1.2300203560980074e+02, 2.3673770918289449e+02,
       2.3307430587004227e-02, 8.2662607733200083e-02,
       8.0710014108700233e-03, 2.1300884454060114e+01,
       -1.1634137721291859e+02, 2.3733188204285602e+02,
       2.0416837786485682e-02, 5.7917155498572714e-01,
       4.7391581417360401e-01, -8.3313060601271886e+01,
       -1.3088002597538195e+02, 2.5288005457804738e+02,
       1.0577475834156687e+00, -2.2033346421934255e-01,
       1.1945654043065086e-01, -6.1805963992763409e+01,
       -5.4743070209638141e+01, 1.2033042268622481e+02,
       -9.2327274775221471e-02, 8.3348375147643805e-01,
       -1.0779252656710637e-02, -4.9810207713351971e+01,
       -6.7453655126617704e+01, 2.7489993188248735e+02,
       4.7462447290179198e-02, -8.0165945145146988e-01,
       4.1019044871153099e-03, -7.7853275809243641e+01,
       -6.0042752479846087e+01, 1.4630540282704368e+02,
       -2.2749092882779642e-01, 2.0374432020616616e-03,
       8.2864629657067146e-02, 4.4288528327427315e+01,
       -1.5070073783789514e+01, 2.4494631409041341e+02 ]
Image_points: !!opencv-matrix
   rows: 14
   cols: 54
   dt: "2f"
   data: [ 3.77913513e+02, 1.53639084e+02, 4.86156494e+02,
       1.43123352e+02, 6.00480164e+02, 1.36317337e+02, 7.18427368e+02,
       1.33383682e+02, 8.35541016e+02, 1.35388367e+02, 9.50495850e+02,
       1.39462616e+02, 1.06061365e+03, 1.47466736e+02, 1.16278540e+03,
       1.57246429e+02, 1.25682727e+03, 1.70252670e+02, 3.48419647e+02,
       2.17451096e+02, 4.65327271e+02, 2.07203735e+02, 5.89259277e+02,
       1.98486755e+02, 7.18468872e+02, 1.96189117e+02, 8.46714966e+02,
       1.96436157e+02, 9.71801208e+02, 2.03402725e+02, 1.09064685e+03,
       2.11238983e+02, 1.20005908e+03, 2.20434128e+02, 1.29831201e+03,
       2.33633270e+02, 3.14459106e+02, 2.93625427e+02, 4.41233246e+02,
       2.85813446e+02, 5.77030212e+02, 2.78445190e+02, 7.18391724e+02,
       2.74383026e+02, 8.59820862e+02, 2.77090637e+02, 9.96575745e+02,
       2.79576477e+02, 1.12520288e+03, 2.88509216e+02, 1.24062036e+03,
       2.98308472e+02, 1.34412170e+03, 3.08890411e+02, 2.76078064e+02,
       3.87300018e+02, 4.12643433e+02, 3.79436615e+02, 5.62008850e+02,
       3.75628632e+02, 7.18632019e+02, 3.72957825e+02, 8.74668762e+02,
       3.73406219e+02, 1.02437622e+03, 3.77198608e+02, 1.16363208e+03,
       3.82761627e+02, 1.28663245e+03, 3.90218048e+02, 1.39419214e+03,
       3.98649933e+02, 2.35153900e+02, 5.02545807e+02, 3.81430450e+02,
       4.97829620e+02, 5.44795593e+02, 4.94998535e+02, 7.18381958e+02,
       4.92605316e+02, 8.91444336e+02, 4.93324585e+02, 1.05638269e+03,
       4.94904816e+02, 1.20623914e+03, 4.97273499e+02, 1.33590051e+03,
       5.00241364e+02, 1.44671143e+03, 5.04432861e+02, 1.90267502e+02,
       6.38513062e+02, 3.47095032e+02, 6.40595154e+02, 5.25494019e+02,
       6.42289795e+02, 7.18341980e+02, 6.42448853e+02, 9.10174744e+02,
       6.41312073e+02, 1.09077637e+03, 6.38645813e+02, 1.25148022e+03,
       6.35048828e+02, 1.38719312e+03, 6.31385193e+02, 1.50056567e+03,
       6.27420654e+02, 2.43783646e+02, 1.34548035e+02, 3.79406342e+02,
       1.15834862e+02, 5.27762390e+02, 1.03076866e+02, 6.84559448e+02,
       9.67011414e+01, 8.40470703e+02, 9.90056763e+01, 9.91130310e+02,
       1.06367096e+02, 1.13076025e+03, 1.20197189e+02, 1.25545203e+03,
       1.37232330e+02, 1.36430090e+03, 1.57230240e+02, 2.16958664e+02,
       2.60527649e+02, 3.59654449e+02, 2.45187668e+02, 5.16780762e+02,
       2.32652985e+02, 6.85117798e+02, 2.27527328e+02, 8.53120911e+02,
       2.27752640e+02, 1.01277313e+03, 2.35603500e+02, 1.16001099e+03,
       2.46671432e+02, 1.28959436e+03, 2.59383331e+02, 1.39993762e+03,
       2.75617401e+02, 1.92194534e+02, 4.05349854e+02, 3.41769592e+02,
       3.96080536e+02, 5.08273560e+02, 3.87817993e+02, 6.85958984e+02,
       3.82689117e+02, 8.64101746e+02, 3.83147583e+02, 1.03395398e+03,
       3.85576660e+02, 1.18713000e+03, 3.92481049e+02, 1.31934302e+03,
       4.00440918e+02, 1.43207776e+03, 4.09012512e+02, 1.72538879e+02,
       5.68439087e+02, 3.26409882e+02, 5.65661865e+02, 5.00954559e+02,
       5.63546265e+02, 6.87793274e+02, 5.60811096e+02, 8.74646545e+02,
       5.58899597e+02, 1.05100610e+03, 5.57478699e+02, 1.20971716e+03,
       5.56329346e+02, 1.34498328e+03, 5.55533569e+02, 1.45839038e+03,
       5.55366516e+02, 1.63135803e+02, 7.42283630e+02, 3.19335907e+02,
       7.48340149e+02, 4.97419800e+02, 7.51782776e+02, 6.89997620e+02,
       7.51917847e+02, 8.81702820e+02, 7.47940857e+02, 1.06258105e+03,
       7.40720276e+02, 1.22440173e+03, 7.30817749e+02, 1.36156506e+03,
       7.19832703e+02, 1.47533643e+03, 7.09162903e+02, 1.61440002e+02,
       9.17647705e+02, 3.19160187e+02, 9.32932129e+02, 4.98324341e+02,
       9.42948547e+02, 6.92199280e+02, 9.45630981e+02, 8.85808655e+02,
       9.40150757e+02, 1.06766846e+03, 9.26604736e+02, 1.23044885e+03,
       9.08328247e+02, 1.36779150e+03, 8.87108582e+02, 1.48261670e+03,
       8.65398193e+02, 1.31314270e+02, 2.69286804e+02, 2.85660828e+02,
       2.48256439e+02, 4.64700897e+02, 2.31256271e+02, 6.62088440e+02,
       2.21174683e+02, 8.62167664e+02, 2.20004791e+02, 1.05257678e+03,
       2.26999878e+02, 1.22331958e+03, 2.40577789e+02, 1.36803625e+03,
       2.57804810e+02, 1.48774426e+03, 2.76613525e+02, 1.44392593e+02,
       4.44516388e+02, 2.96802704e+02, 4.34133698e+02, 4.72871033e+02,
       4.25645538e+02, 6.66948669e+02, 4.19324249e+02, 8.63463745e+02,
       4.17575439e+02, 1.04941431e+03, 4.18915802e+02, 1.21736401e+03,
